1	2   1
1	3   0
1	4   1
1	5   2
1	6   3
1	7   4
1	8   0
1	9   1
1	11  2
1	12  0
1	13  4
1	14  3
1	18  1
1	20  2
1	22  3
1	32  4
2	1   0
2	3   0
2	4   1
2	8   1
2	14  1
2	18  2
2	20  2
2	22  3
2	31  3
3	1   4
3	2   4
3	4   1
3	8   2
3	9   0
3	10  0
3	14  1
3	28  2
3	29  2
3	33  1
4	1   3
4	2   4
4	3   4
4	8   4
4	13  1
4	14  1
5	1   1
5	7   2
5	11  2
6	1   2
6	7   2
6	11  2
6	17  3
7	1   3
7	5   1
7	6   1
7	17  2
8	1   2
8	2   4
8	3   3
8	4   1
9	1   2
9	3   2
9	31  1
9	33  1
9	34  1
10	3   1
10	34  1
11	1   1
11	5   1
11	6   2
12	1   3
13	1   4
13	4   2
14	1   1
14	2   3
14	3   4
14	4   4
14	34  3
15	33  2
15	34  2
16	33  2
16	34  1
17	6   1
17	7   1
18	1   1
18	2   1
19	33  1
19	34  2
20	1   2
20	2   1
20	34  1
21	33  1
21	34  1
22	1   1
22	2   1
23	33  1
24	26  1
24	28  2
24	30  2
24	33  2
24	34  3
25	26  4
25	28  0
25	32  2
26	24  1
26	25  3
26	32  4
27	30  1
27	34  4
28	3   4
28	24  4
28	25  4
28	34  4
29	3   4
29	32  2
29	34  1
30	24  1
30	27  1
30	33  2
30	34  2
31	2   2
31	9   3
31	33  3
31	34  4
32	1   2
32	25  3
32	26  3
32	29  2
32	33  2
32	34  2
33	3   1
33	9   1
33	15  1
33	16  1
33	19  2
33	21  3
33	23  3
33	24  3
33	30  4
33	31  4
33	32  4
33	34  4
34	9   1
34	10  1
34	14  1
34	15  2
34	16  1
34	19  3
34	20  1
34	21  1
34	24  2
34	27  4
34	28  1
34	29  2
34	30  2
34	31  3
34	32  2
34	33  1
